let sides = [
    //SOUTH
    [ [-0.5 , -0.5 , -0.5] ,    [-0.5 , 0.5 , -0.5] ,    [0.5 , 0.5 , -0.5]  ],
    [ [-0.5 , -0.5 , -0.5] ,    [0.5 , 0.5 , -0.5] ,    [0.5 , -0.5 , -0.5]  ],
   // EAST 
    [ [0.5 , -0.5 , -0.5] ,    [0.5 , 0.5 , -0.5] ,    [0.5 , 0.5 , 0.5]  ],
    [ [0.5 , -0.5 , -0.5] ,    [0.5 , 0.5 , 0.5] ,    [0.5 , -0.5 , 0.5]  ],
   // NORTH
    [ [0.5 , -0.5 , 0.5] ,    [0.5 , 0.5 , 0.5] ,    [-0.5 , 0.5 , 0.5]  ],
    [ [0.5 , -0.5 , 0.5] ,    [-0.5 , 0.5 , 0.5] ,    [-0.5 , -0.5 , 0.5]  ],
   // WEST
    [ [-0.5 , -0.5 , 0.5] ,    [-0.5 , 0.5 , 0.5] ,    [-0.5 , 0.5 , -0.5]  ],
    [ [-0.5 , -0.5 , 0.5] ,    [-0.5 , 0.5 , -0.5] ,    [-0.5 , -0.5 , -0.5]  ],
   // TOP
    [ [-0.5 , 0.5 , -0.5] ,    [-0.5 , 0.5 , 0.5] ,    [0.5 , 0.5 , 0.5]  ],
    [ [-0.5 , 0.5 , -0.5] ,    [0.5 , 0.5 , 0.5] ,    [0.5 , 0.5 , -0.5]  ],
   // BOTTOM
    [ [0.5 , -0.5 , 0.5] ,    [-0.5 , -0.5 , 0.5] ,    [-0.5 , -0.5 , -0.5]  ],
    [ [0.5 , -0.5 , 0.5] ,    [-0.5 , -0.5 , -0.5] ,    [0.5 , -0.5 , -0.5]  ]
]